3123
712 773
139 345
507 782
737 413
29 762
520 115
193 360
170 564
379 79
744 668
48 294
452 731
617 714
202 367
715 83
306 289
487 483
709 425
772 697
220 426
181 351
767 502
185 143
238 740
784 352
352 190
269 93
117 727
374 377
540 435
769 190
410 501
104 18
612 453
179 168
502 771
569 287
434 405
610 124
304 475
130 767
430 353
714 555
557 492
534 358
58 530
145 256
127 233
341 782
7 688
355 337
227 741
632 719
442 533
289 300
396 766
187 15
593 92
377 339
779 366
37 684
263 611
757 648
589 521
551 735
68 347
455 485
687 390
639 602
375 676
76 780
345 49
18 770
141 512
380 328
8 73
253 273
277 121
768 204
45 490
472 311
264 164
703 240
718 616
206 706
218 154
596 657
415 630
563 560
747 147
47 23
775 28
438 576
94 253
107 730
358 106
782 279
215 549
357 665
35 220
427 573
19 97
369 409
525 344
337 329
662 256
299 22
450 391
153 604
53 530
494 293
546 779
529 302
258 6
302 622
373 582
28 715
112 725
128 345
23 766
81 648
13 317
426 542
159 409
416 240
478 617
432 476
582 592
301 312
402 40
163 319
236 319
447 288
633 107
149 434
736 455
515 536
99 491
462 446
266 319
543 603
71 165
451 80
716 562
256 485
690 97
655 67
186 726
443 42
213 691
273 194
758 730
403 453
722 5
297 322
497 162
684 102
389 576
381 73
421 604
755 42
230 702
448 360
60 162
474 422
114 409
5 453
598 146
290 290
514 85
367 220
231 575
321 310
155 260
385 682
351 12
761 774
308 192
670 519
353 332
61 212
203 198
343 590
622 339
166 419
733 451
400 694
644 417
500 340
132 22
527 130
84 576
320 60
564 572
98 622
671 616
216 150
425 128
609 542
517 456
653 298
194 117
780 238
571 766
157 215
503 447
778 747
121 426
115 311
43 634
383 703
748 220
260 30
429 619
419 409
675 694
460 742
212 717
82 75
154 773
439 277
167 29
267 158
623 536
268 155
407 555
555 390
673 733
491 328
413 229
243 703
548 223
235 370
735 614
102 39
776 102
738 454
274 131
565 154
476 189
199 26
300 12
615 162
80 176
354 740
390 731
533 10
75 449
78 667
697 687
651 103
340 411
225 121
73 26
336 92
541 127
106 383
391 13
574 349
414 729
311 194
190 761
765 157
710 14
591 605
626 220
523 314
386 159
467 20
158 428
324 653
49 427
252 24
90 254
151 390
504 624
148 509
660 541
195 489
754 334
689 354
657 775
217 166
579 359
745 434
668 361
521 584
392 18
393 271
184 730
720 486
508 54
50 96
372 195
783 62
577 14
270 80
363 41
587 755
756 764
501 291
3 14
485 455
760 12
524 210
307 114
323 578
338 188
209 511
547 610
741 531
539 523
531 600
161 162
613 190
719 626
96 181
6 617
346 527
431 760
316 386
283 69
27 548
648 451
624 134
759 620
361 21
682 628
696 583
74 477
67 623
669 396
394 636
464 52
178 141
247 772
640 62
120 59
329 623
54 685
528 59
176 393
245 563
40 269
101 421
475 558
454 485
365 558
409 725
296 710
597 597
10 748
285 732
581 447
344 345
232 504
656 318
572 11
182 15
152 8
38 572
700 154
138 290
57 612
618 75
424 376
281 267
135 491
272 261
678 328
319 672
298 122
326 101
436 731
484 626
489 175
325 765
466 750
566 499
444 407
21 239
652 595
647 532
606 133
44 264
636 105
191 103
649 263
17 370
210 621
328 765
465 408
677 76
192 618
333 461
480 207
742 111
309 402
169 754
16 149
477 434
189 712
774 243
713 361
254 365
292 756
219 196
575 756
183 72
198 156
111 141
417 494
278 193
545 207
129 82
542 281
259 752
620 706
725 108
234 15
124 130
711 36
62 677
562 355
611 377
282 475
371 164
140 234
449 719
108 335
20 772
95 384
295 527
312 546
387 349
685 188
708 395
356 51
706 750
560 348
143 492
705 290
771 197
723 277
368 413
764 605
635 165
398 490
123 450
727 684
625 590
4 752
490 370
133 237
437 615
614 406
661 546
763 50
401 285
664 348
766 565
88 639
605 270
599 364
118 489
473 194
221 306
34 41
26 312
342 608
601 181
683 494
743 294
168 393
511 563
578 710
513 292
59 593
550 80
286 22
86 133
463 369
291 572
14 433
288 454
63 665
100 497
65 431
147 385
707 520
645 428
638 234
119 82
330 20
250 513
313 632
629 311
85 391
734 431
762 18
672 210
729 100
305 421
459 369
335 42
318 413
257 614
441 548
717 639
642 664
91 333
208 119
406 525
173 577
144 210
222 472
150 229
404 254
125 386
334 300
730 575
704 493
378 20
576 226
510 663
33 236
233 404
492 46
77 63
275 742
457 172
55 376
142 722
496 455
600 552
585 653
240 149
11 303
25 6
360 194
174 49
580 256
506 491
83 587
702 462
397 10
594 436
370 680
750 317
699 614
165 619
679 499
332 224
136 336
66 749
126 96
284 710
428 478
64 326
405 506
261 195
244 3
486 472
458 464
777 569
694 54
314 388
691 125
348 542
223 686
24 441
113 568
196 2
197 738
446 93
242 352
110 348
498 229
339 227
680 415
362 185
667 706
347 71
526 729
423 296
46 84
583 678
180 276
87 95
280 489
481 381
172 770
241 720
399 84
724 198
586 758
207 418
607 118
721 352
364 644
42 728
630 740
162 418
32 573
732 427
681 289
255 217
93 712
554 343
105 461
92 601
22 527
30 23
650 4
200 643
604 592
621 586
418 660
97 604
164 613
211 457
740 11
663 304
70 564
559 536
116 95
408 459
627 406
103 210
1 610
89 338
279 96
549 527
69 89
384 60
518 505
422 186
602 97
287 237
752 536
536 202
9 224
262 714
246 377
701 148
469 545
588 99
628 33
317 696
12 658
349 514
512 42
470 60
693 182
553 318
516 555
570 293
420 201
395 259
643 561
276 399
654 182
603 488
659 428
51 771
265 105
39 516
505 551
674 19
350 703
36 654
188 563
751 431
224 584
483 749
175 736
228 730
137 167
327 760
753 463
239 37
15 354
646 199
686 195
388 518
573 470
781 521
749 638
131 595
315 353
156 674
568 700
634 352
592 419
237 552
695 639
479 556
731 722
134 50
631 655
522 644
31 39
271 390
177 569
2 602
561 143
160 463
201 446
499 489
567 700
249 108
509 284
359 337
146 606
433 213
544 417
666 665
331 108
171 672
461 479
366 770
482 513
688 616
310 222
303 305
440 690
773 507
726 641
294 407
493 585
214 517
728 668
79 376
608 110
584 300
535 702
552 300
495 216
558 82
519 105
658 395
382 726
411 177
109 482
229 371
488 602
468 432
41 175
619 598
122 177
676 663
556 108
538 602
595 39
56 536
770 50
471 76
376 153
698 469
412 340
590 140
530 165
746 674
537 46
665 135
251 292
616 67
445 716
205 779
72 370
248 649
322 80
435 65
456 46
739 471
637 480
52 399
226 264
453 53
532 147
641 344
293 108
692 487
204 193
844 847
1507 971
1468 980
1135 1024
1281 1092
1512 1450
794 861
1520 1170
1200 1470
905 1472
1198 825
919 1072
1184 1517
926 1444
1313 1347
1107 1119
1214 1245
1053 1280
1531 1363
809 1427
1013 1096
1173 1076
1066 1037
1475 1379
1524 1473
1341 1495
1204 992
1543 945
1042 983
1422 1203
963 876
1098 845
933 933
1430 1282
1296 1071
1527 826
1251 1276
799 1499
1100 866
1055 918
812 978
1392 1513
824 808
1444 1137
1508 1239
1159 916
1389 1303
1022 1534
793 1336
1007 820
1262 1489
1533 1364
1318 837
1307 1409
1269 1027
1051 1543
1249 1146
1325 1523
1046 1302
804 1284
1108 955
850 938
1274 884
1539 929
1399 1356
1039 1130
1388 829
837 969
1317 1242
1366 1129
1522 1406
1510 1061
1464 1063
879 1500
1351 1113
1225 896
998 1021
1092 1406
1394 1238
1090 1552
843 866
856 1226
1133 1257
1170 857
1265 1041
803 1512
1467 1120
1280 1522
1242 930
885 1043
1197 812
1425 1263
1071 916
1461 889
894 884
979 1519
1257 888
1447 1465
1432 797
1011 799
1414 1064
1001 1359
946 1542
1380 1274
980 893
1336 1346
1471 872
1211 966
1429 1228
1029 1362
815 1064
939 1136
841 1175
974 1129
1300 884
966 1477
1235 1016
1473 1088
1426 811
1227 1482
1113 1131
1005 1298
1093 1461
1459 1487
1433 1308
1383 1340
1079 985
1078 1367
982 1050
1194 855
871 1037
1534 1535
822 1526
1333 1251
1171 1218
852 895
1065 1295
1238 1406
1525 1275
1551 1271
870 1103
899 1350
874 1460
825 1315
1485 965
1548 1122
1347 1092
896 905
1483 1298
849 1364
922 999
1498 1228
906 1308
786 1198
1123 1304
816 895
1048 1063
1505 1034
1308 991
862 1531
1099 873
903 1017
1530 1029
823 1369
1535 895
957 1242
1273 959
1259 1428
821 1404
1164 1210
1044 1207
1324 1450
836 998
832 799
1364 1385
1195 953
1458 1078
1069 1019
1319 1540
956 919
1237 840
863 1267
1365 1054
1478 1158
1160 1380
835 1031
1161 1214
1357 1548
965 1089
1314 1471
1270 1271
938 1439
1168 832
971 1394
1348 951
1372 1348
1091 1145
1086 1159
1142 1245
875 1138
1369 1008
1155 1156
1550 914
826 907
1446 947
1082 1219
1501 1394
1511 1301
1322 802
1284 943
1532 1280
904 1262
1350 958
857 1009
954 1291
1169 1266
1209 1297
814 1504
1494 1286
1412 1283
1385 1442
1502 1045
1154 1210
898 1277
883 815
840 1169
1222 1313
1050 1376
1061 970
1041 1334
891 1199
1028 1372
1556 1264
1083 1502
1415 1536
1332 795
1223 1480
945 1134
1470 949
1057 985
859 1529
1287 1448
1566 1257
1406 1058
909 1388
916 787
1260 1339
1503 1494
1190 1099
1017 1284
1457 856
1526 928
958 917
1553 1044
1229 1381
1454 902
805 1490
796 1349
1212 921
1109 1302
1311 1317
1073 923
1101 1527
808 1095
788 1318
1436 1153
1517 837
1145 916
1072 1491
1421 1206
1117 1415
1455 999
1283 892
1465 1346
1361 1133
789 921
1486 863
1139 935
991 803
1434 1087
1408 1055
1409 861
1398 1511
831 895
948 1265
1267 813
1067 1397
1094 804
798 1481
892 1396
1492 934
1146 885
1329 1275
1384 1050
955 1190
990 1080
1143 1151
1561 924
855 1359
967 843
897 1517
1331 1005
1153 1495
1167 1440
1328 1371
1111 1331
1258 852
1203 1355
1218 936
800 1094
878 1223
1504 864
1360 1069
1233 1495
1410 1469
1374 995
1256 1192
795 996
1323 1562
1401 1154
1103 1278
1037 1565
1250 927
1474 936
1298 1528
1118 1473
851 1218
890 1532
1186 1202
807 810
1266 1412
1014 1149
900 1290
1150 1300
1043 1116
1555 1021
1152 785
1247 1007
1208 1206
1277 1052
1125 1135
1119 1393
1302 1158
1285 1373
1220 1335
1482 1253
1003 1485
1279 1078
1442 1544
1246 1162
1151 1339
1097 1296
1226 1228
1358 1281
1562 1471
1248 1326
1450 991
1049 1251
1272 1121
787 1270
887 1009
845 1240
997 888
1451 1171
1354 1050
1428 843
1345 1467
1114 1116
1342 1219
1070 821
1175 985
1136 1049
973 1515
1128 915
785 1243
1293 1049
1397 1153
952 1465
1192 1154
1180 876
1353 1275
993 1177
1362 1362
1321 976
1076 1353
810 1039
1271 785
959 1329
1230 833
1176 995
1443 899
1393 1519
1074 798
1199 1520
1305 1165
930 795
1276 939
1084 1352
1453 1491
1244 1089
1177 1410
817 1076
1552 975
881 1099
1187 1006
1020 932
893 1362
1491 1491
886 1399
864 992
1368 1038
1382 1091
1297 1198
1536 1317
1087 956
1095 1545
1241 1356
1182 1081
1031 1341
1122 1308
1327 1231
1105 1185
935 1019
876 1170
918 1324
1419 1377
1489 1307
1438 1128
1488 1160
1008 1404
1124 950
889 1254
1386 1229
1056 1139
1490 1165
884 810
1234 1459
1015 958
1500 1445
834 1374
915 855
1335 1124
1497 1206
1217 1301
829 1476
1219 1190
1102 1225
791 1045
792 1279
1339 1426
1189 883
1439 1013
1376 1370
1138 1264
1395 848
1034 1457
1541 1502
927 1343
1172 1068
940 1395
1047 878
820 1260
1378 1472
1403 1146
1165 1119
1423 1209
921 991
988 1500
1559 1425
1565 917
1549 1378
827 1311
942 1100
1131 1397
1026 1125
1381 1457
1560 1100
1469 923
1158 1552
1290 1006
1245 1480
1452 1001
1149 1111
987 1039
1337 914
1448 1523
925 1201
1000 1207
999 1203
1127 1237
1032 1414
1289 921
882 1208
911 1400
1080 1560
1518 1049
1390 1410
1213 1476
1292 1552
861 860
1193 1222
901 1195
1387 1263
1352 1302
1356 1117
1513 1541
937 1503
986 1191
1163 1404
895 1147
1334 916
989 1421
1310 938
1038 790
1294 1183
839 1434
908 927
1088 1215
1075 1169
1330 788
1036 1381
1312 1261
947 1478
907 1190
1528 1122
1537 998
1371 835
1268 1094
1546 1141
1006 1393
858 1437
1411 941
1130 1282
860 920
1340 1113
1370 1542
802 1006
1185 1517
1463 1281
1132 1362
813 1452
1466 882
830 1328
819 1238
848 1204
1068 815
1040 1400
1030 935
1344 1370
1059 1346
1254 935
992 1119
1112 1233
1016 884
1554 830
1472 1081
1179 953
1405 867
1495 1290
1509 1245
872 935
983 1333
828 1273
914 905
960 1455
1278 1194
968 1225
969 1393
1515 1064
934 1357
1346 1342
1025 1504
978 989
1523 1115
1349 1271
995 1064
944 1463
950 1057
1224 1153
970 1085
1144 1386
1035 1349
1104 1040
1021 977
842 1279
1404 1199
1377 910
1355 912
1121 1196
1060 795
1309 1087
865 811
1396 1090
1402 1008
1010 1218
1564 1283
1156 1487
928 1136
1141 1250
1391 919
1441 1037
1445 1523
1373 1193
1116 1232
1306 1010
1062 1080
880 1142
1002 1473
1338 954
806 1546
1542 1065
1315 1149
1018 951
1286 1429
1181 1448
1157 1192
913 1565
869 1424
1437 1127
1115 1105
1004 1122
910 984
917 1250
1264 1031
1435 849
847 1303
1243 1015
1106 1420
1506 1159
1416 894
1255 1191
1563 1461
1519 1273
1493 1392
1196 1040
1326 796
932 1102
1456 1477
929 1343
1236 1466
985 798
1545 1232
1557 1060
994 807
790 955
838 1302
1183 1231
1424 1209
1477 814
1054 929
975 1433
1207 1391
953 1005
811 1047
996 1061
1202 844
1206 1298
1514 1294
1231 1398
1367 788
1363 1198
977 1240
1547 1222
1431 1333
1379 1351
1063 1208
1568 1207
1166 1049
1499 955
1129 1400
1045 1154
972 1165
853 896
1476 797
1481 1180
961 1104
1024 1229
1529 1049
1221 1371
1462 950
1299 899
1516 1048
1295 1184
1052 1084
873 1047
912 873
1239 1413
981 1165
902 860
868 916
1521 1435
1252 1307
964 933
1496 1135
1263 886
1460 1025
1558 1437
923 932
1033 1505
1120 852
1009 834
943 1342
1228 1169
1544 1472
1449 1029
1096 1498
1288 1387
1487 1372
866 1343
1400 1168
888 1121
1019 1058
1201 785
1178 1494
1140 1524
801 1185
1484 863
941 1257
1413 1035
1174 1154
1081 850
1216 1494
1480 1406
1023 1460
1304 1122
1316 1511
1261 1371
1148 1311
1440 1148
1126 1247
1210 1487
854 1450
1320 1377
976 1418
936 1345
949 865
1012 897
1191 910
1427 924
1275 1469
1301 1289
1215 1486
1077 1028
1232 1512
1343 1459
1303 912
951 1183
1375 1502
877 1107
867 1340
1479 814
1282 1262
1567 904
920 1434
833 1397
818 1550
1064 1408
1058 804
1134 914
846 1077
924 927
1538 943
797 1235
1420 1485
1253 1231
1110 969
1418 1029
1147 1172
1188 1235
1359 1025
1240 1283
1137 788
931 879
1085 1022
1291 1531
1027 812
1407 1465
1540 1419
984 1450
1417 1136
1205 837
1089 1404
962 1321
1162 1507
1569 1570
1571 1572
1573 1574
1575 1576
1577 1578
1579 1580
1581 1582
1583 1584
1585 1586
1587 1588
1589 1590
1591 1592
1593 1594
1595 1596
1597 1598
1599 1600
1601 1602
1603 1604
1605 1606
1607 1608
1609 1610
1611 1612
1613 1614
1615 1616
1617 1618
1619 1620
1621 1622
1623 1624
1625 1626
1627 1628
1629 1630
1631 1632
1633 1634
1635 1636
1637 1638
1639 1640
1641 1642
1643 1644
1645 1646
1647 1648
1649 1650
1651 1652
1653 1654
1655 1656
1657 1658
1659 1660
1661 1662
1663 1664
1665 1666
1667 1668
1669 1670
1671 1672
1673 1674
1675 1676
1677 1678
1679 1680
1681 1682
1683 1684
1685 1686
1687 1688
1689 1690
1691 1692
1693 1694
1695 1696
1697 1698
1699 1700
1701 1702
1703 1704
1705 1706
1707 1708
1709 1710
1711 1712
1713 1714
1715 1716
1717 1718
1719 1720
1721 1722
1723 1724
1725 1726
1727 1728
1729 1730
1731 1732
1733 1734
1735 1736
1737 1738
1739 1740
1741 1742
1743 1744
1745 1746
1747 1748
1749 1750
1751 1752
1753 1754
1755 1756
1757 1758
1759 1760
1761 1762
1763 1764
1765 1766
1767 1768
1769 1770
1771 1772
1773 1774
1775 1776
1777 1778
1779 1780
1781 1782
1783 1784
1785 1786
1787 1788
1789 1790
1791 1792
1793 1794
1795 1796
1797 1798
1799 1800
1801 1802
1803 1804
1805 1806
1807 1808
1809 1810
1811 1812
1813 1814
1815 1816
1817 1818
1819 1820
1821 1822
1823 1824
1825 1826
1827 1828
1829 1830
1831 1832
1833 1834
1835 1836
1837 1838
1839 1840
1841 1842
1843 1844
1845 1846
1847 1848
1849 1850
1851 1852
1853 1854
1855 1856
1857 1858
1859 1860
1861 1862
1863 1864
1865 1866
1867 1868
1869 1870
1871 1872
1873 1874
1875 1876
1877 1878
1879 1880
1881 1882
1883 1884
1885 1886
1887 1888
1889 1890
1891 1892
1893 1894
1895 1896
1897 1898
1899 1900
1901 1902
1903 1904
1905 1906
1907 1908
1909 1910
1911 1912
1913 1914
1915 1916
1917 1918
1919 1920
1921 1922
1923 1924
1925 1926
1927 1928
1929 1930
1931 1932
1933 1934
1935 1936
1937 1938
1939 1940
1941 1942
1943 1944
1945 1946
1947 1948
1949 1950
1951 1952
1953 1954
1955 1956
1957 1958
1959 1960
1961 1962
1963 1964
1965 1966
1967 1968
1969 1970
1971 1972
1973 1974
1975 1976
1977 1978
1979 1980
1981 1982
1983 1984
1985 1986
1987 1988
1989 1990
1991 1992
1993 1994
1995 1996
1997 1998
1999 2000
2001 2002
2003 2004
2005 2006
2007 2008
2009 2010
2011 2012
2013 2014
2015 2016
2017 2018
2019 2020
2021 2022
2023 2024
2025 2026
2027 2028
2029 2030
2031 2032
2033 2034
2035 2036
2037 2038
2039 2040
2041 2042
2043 2044
2045 2046
2047 2048
2049 2050
2051 2052
2053 2054
2055 2056
2057 2058
2059 2060
2061 2062
2063 2064
2065 2066
2067 2068
2069 2070
2071 2072
2073 2074
2075 2076
2077 2078
2079 2080
2081 2082
2083 2084
2085 2086
2087 2088
2089 2090
2091 2092
2093 2094
2095 2096
2097 2098
2099 2100
2101 2102
2103 2104
2105 2106
2107 2108
2109 2110
2111 2112
2113 2114
2115 2116
2117 2118
2119 2120
2121 2122
2123 2124
2125 2126
2127 2128
2129 2130
2131 2132
2133 2134
2135 2136
2137 2138
2139 2140
2141 2142
2143 2144
2145 2146
2147 2148
2149 2150
2151 2152
2153 2154
2155 2156
2157 2158
2159 2160
2161 2162
2163 2164
2165 2166
2167 2168
2169 2170
2171 2172
2173 2174
2175 2176
2177 2178
2179 2180
2181 2182
2183 2184
2185 2186
2187 2188
2189 2190
2191 2192
2193 2194
2195 2196
2197 2198
2199 2200
2201 2202
2203 2204
2205 2206
2207 2208
2209 2210
2211 2212
2213 2214
2215 2216
2217 2218
2219 2220
2221 2222
2223 2224
2225 2226
2227 2228
2229 2230
2231 2232
2233 2234
2235 2236
2237 2238
2239 2240
2241 2242
2243 2244
2245 2246
2247 2248
2249 2250
2251 2252
2253 2254
2255 2256
2257 2258
2259 2260
2261 2262
2263 2264
2265 2266
2267 2268
2269 2270
2271 2272
2273 2274
2275 2276
2277 2278
2279 2280
2281 2282
2283 2284
2285 2286
2287 2288
2289 2290
2291 2292
2293 2294
2295 2296
2297 2298
2299 2300
2301 2302
2303 2304
2305 2306
2307 2308
2309 2310
2311 2312
2313 2314
2315 2316
2317 2318
2319 2320
2321 2322
2323 2324
2325 2326
2327 2328
2329 2330
2331 2332
2333 2334
2335 2336
2337 2338
2339 2340
2341 2342
2343 2344
2345 2346
2347 2348
2349 2350
2351 2352
2353 2354
2355 2356
2357 2358
2359 2360
2361 2362
2363 2364
2365 2366
2367 2368
2369 2370
2371 2372
2373 2374
2375 2376
2377 2378
2379 2380
2381 2382
2383 2384
2385 2386
2387 2388
2389 2390
2391 2392
2393 2394
2395 2396
2397 2398
2399 2400
2401 2402
2403 2404
2405 2406
2407 2408
2409 2410
2411 2412
2413 2414
2415 2416
2417 2418
2419 2420
2421 2422
2423 2424
2425 2426
2427 2428
2429 2430
2431 2432
2433 2434
2435 2436
2437 2438
2439 2440
2441 2442
2443 2444
2445 2446
2447 2448
2449 2450
2451 2452
2453 2454
2455 2456
2457 2458
2459 2460
2461 2462
2463 2464
2465 2466
2467 2468
2469 2470
2471 2472
2473 2474
2475 2476
2477 2478
2479 2480
2481 2482
2483 2484
2485 2486
2487 2488
2489 2490
2491 2492
2493 2494
2495 2496
2497 2498
2499 2500
2501 2502
2503 2504
2505 2506
2507 2508
2509 2510
2511 2512
2513 2514
2515 2516
2517 2518
2519 2520
2521 2522
2523 2524
2525 2526
2527 2528
2529 2530
2531 2532
2533 2534
2535 2536
2537 2538
2539 2540
2541 2542
2543 2544
2545 2546
2547 2548
2549 2550
2551 2552
2553 2554
2555 2556
2557 2558
2559 2560
2561 2562
2563 2564
2565 2566
2567 2568
2569 2570
2571 2572
2573 2574
2575 2576
2577 2578
2579 2580
2581 2582
2583 2584
2585 2586
2587 2588
2589 2590
2591 2592
2593 2594
2595 2596
2597 2598
2599 2600
2601 2602
2603 2604
2605 2606
2607 2608
2609 2610
2611 2612
2613 2614
2615 2616
2617 2618
2619 2620
2621 2622
2623 2624
2625 2626
2627 2628
2629 2630
2631 2632
2633 2634
2635 2636
2637 2638
2639 2640
2641 2642
2643 2644
2645 2646
2647 2648
2649 2650
2651 2652
2653 2654
2655 2656
2657 2658
2659 2660
2661 2662
2663 2664
2665 2666
2667 2668
2669 2670
2671 2672
2673 2674
2675 2676
2677 2678
2679 2680
2681 2682
2683 2684
2685 2686
2687 2688
2689 2690
2691 2692
2693 2694
2695 2696
2697 2698
2699 2700
2701 2702
2703 2704
2705 2706
2707 2708
2709 2710
2711 2712
2713 2714
2715 2716
2717 2718
2719 2720
2721 2722
2723 2724
2725 2726
2727 2728
2729 2730
2731 2732
2733 2734
2735 2736
2737 2738
2739 2740
2741 2742
2743 2744
2745 2746
2747 2748
2749 2750
2751 2752
2753 2754
2755 2756
2757 2758
2759 2760
2761 2762
2763 2764
2765 2766
2767 2768
2769 2770
2771 2772
2773 2774
2775 2776
2777 2778
2779 2780
2781 2782
2783 2784
2785 2786
2787 2788
2789 2790
2791 2792
2793 2794
2795 2796
2797 2798
2799 2800
2801 2802
2803 2804
2805 2806
2807 2808
2809 2810
2811 2812
2813 2814
2815 2816
2817 2818
2819 2820
2821 2822
2823 2824
2825 2826
2827 2828
2829 2830
2831 2832
2833 2834
2835 2836
2837 2838
2839 2840
2841 2842
2843 2844
2845 2846
2847 2848
2849 2850
2851 2852
2853 2854
2855 2856
2857 2858
2859 2860
2861 2862
2863 2864
2865 2866
2867 2868
2869 2870
2871 2872
2873 2874
2875 2876
2877 2878
2879 2880
2881 2882
2883 2884
2885 2886
2887 2888
2889 2890
2891 2892
2893 2894
2895 2896
2897 2898
2899 2900
2901 2902
2903 2904
2905 2906
2907 2908
2909 2910
2911 2912
2913 2914
2915 2916
2917 2918
2919 2920
2921 2922
2923 2924
2925 2926
2927 2928
2929 2930
2931 2932
2933 2934
2935 2936
2937 2938
2939 2940
2941 2942
2943 2944
2945 2946
2947 2948
2949 2950
2951 2952
2953 2954
2955 2956
2957 2958
2959 2960
2961 2962
2963 2964
2965 2966
2967 2968
2969 2970
2971 2972
2973 2974
2975 2976
2977 2978
2979 2980
2981 2982
2983 2984
2985 2986
2987 2988
2989 2990
2991 2992
2993 2994
2995 2996
2997 2998
2999 3000
3001 3002
3003 3004
3005 3006
3007 3008
3009 3010
3011 3012
3013 3014
3015 3016
3017 3018
3019 3020
3021 3022
3023 3024
3025 3026
3027 3028
3029 3030
3031 3032
3033 3034
3035 3036
3037 3038
3039 3040
3041 3042
3043 3044
3045 3046
3047 3048
3049 3050
3051 3052
3053 3054
3055 3056
3057 3058
3059 3060
3061 3062
3063 3064
3065 3066
3067 3068
3069 3070
3071 3072
3073 3074
3075 3076
3077 3078
3079 3080
3081 3082
3083 3084
3085 3086
3088 3089
3090 3091
3092 3093
3094 3095
3096 3097
3098 3099
3100 3101
3102 3103
3104 3105
3106 3107
3108 3109
3110 3111
